function mpc = mpc_merge_split
%MPC_MERGE_SPLIT

%% MATPOWER Case Format : Version 2
mpc.version = '2';

%%-----  Power Flow Data  -----%%
%% system MVA base
mpc.baseMVA = 100;

%% bus data
%	bus_i	type	Pd	Qd	Gs	Bs	area	Vm	Va	baseKV	zone	Vmax	Vmin	lam_P	lam_Q	mu_Vmax	mu_Vmin
mpc.bus = [
	1	3	0	0	0	0	1	1.05999997	0	0	1	1.06	0.94	36.5976	-0.1590	723.4405	0.0000;
	2	2	21.7	12.7	0	0	1	1.04078165	-3.97356833	0	1	1.06	0.94	38.2210	0.0000	0.0000	0.0000;
	3	2	94.2	19	0	0	1	1.0242842	-9.66724261	0	1	1.06	0.94	40.3363	0.0000	0.0000	0.0000;
	4	1	47.8	-3.9	0	0	1	1.01571449	-8.66923163	0	1	1.06	0.94	40.0822	0.1291	0.0000	0.0000;
	5	1	7.6	1.6	0	0	1	1.01705208	-7.43364386	0	1	1.06	0.94	39.5448	0.2093	0.0000	0.0000;
	6	2	11.2	7.5	0	0	1	1.05999968	-12.7863302	0	1	1.06	0.94	39.5938	0.0000	63.7425	0.0000;
	7	1	0	0	0	0	1	1.0467139	-11.5192513	0	1	1.06	0.94	40.0790	0.1196	0.0000	0.0000;
	8	2	0	0	0	0	1	1.05999971	-11.1631835	0	1	1.06	0.94	40.0783	-0.0000	71.0709	0.0000;
	9	1	29.5	16.6	0	19	1	1.04386184	-13.2363779	0	1	1.06	0.94	40.0802	0.1906	0.0000	0.0000;
	10	1	9	5.8	0	0	1	1.03924576	-13.4472312	0	1	1.06	0.94	40.2235	0.3034	0.0000	0.0000;
	11	1	3.5	1.8	0	0	1	1.04603744	-13.2477415	0	1	1.06	0.94	40.0398	0.2250	0.0000	0.0000;
	12	1	6.1	1.6	0	0	1	1.04485443	-13.6394953	0	1	1.06	0.94	40.2387	0.2123	0.0000	0.0000;
	13	1	13.5	5.8	0	0	1	1.03994746	-13.6997515	0	1	1.06	0.94	40.4419	0.3517	0.0000	0.0000;
	14	1	14.9	5	0	0	1	1.02397726	-14.4601655	0	1	1.06	0.94	41.0891	0.5657	0.0000	0.0000;
	15	2	0	0	0	0	1	1.05999996	4.65446919	0	1	1.06	0.94	36.9589	-0.0267	502.3620	0.0000;
	16	2	21.7	12.7	0	0	1	1.04192098	0.586846684	0	1	1.06	0.94	38.6014	0.0000	0.0000	0.0000;
	17	2	94.2	19	0	0	1	1.01655009	-5.0367662	0	1	1.06	0.94	40.6982	0.0000	0.0000	0.0000;
	18	1	47.8	-3.9	0	0	1	1.01102558	-4.10739976	0	1	1.06	0.94	40.4829	0.1731	0.0000	0.0000;
	19	1	7.6	1.6	0	0	1	1.01104849	-2.970449	0	1	1.06	0.94	40.0349	0.2963	0.0000	0.0000;
	20	1	11.2	7.5	0	0	1	1.03957855	-9.60754386	0	1	1.06	0.94	40.3363	0.0096	0.0000	0.0000;
	21	1	0	0	0	0	1	1.04260392	-6.49500399	0	1	1.06	0.94	40.3495	0.0979	0.0000	0.0000;
	22	2	0	0	0	0	1	1.05999964	-4.91146618	0	1	1.06	0.94	40.3468	0.0000	57.9572	0.0000;
	23	1	29.5	16.6	0	19	1	1.03792088	-8.75609761	0	1	1.06	0.94	40.2825	0.1265	0.0000	0.0000;
	24	1	9	5.8	0	0	1	1.03092698	-9.20603582	0	1	1.06	0.94	40.5077	0.2503	0.0000	0.0000;
	25	1	3.5	1.8	0	0	1	1.03200056	-9.53812988	0	1	1.06	0.94	40.5393	0.1989	0.0000	0.0000;
	26	1	6.1	1.6	0	0	1	1.02499257	-10.3914421	0	1	1.06	0.94	40.9997	0.2320	0.0000	0.0000;
	27	1	13.5	5.8	0	0	1	1.02153725	-10.3706897	0	1	1.06	0.94	41.1344	0.3597	0.0000	0.0000;
	28	1	14.9	5	0	0	1	1.01239186	-10.501037	0	1	1.06	0.94	41.5205	0.5452	0.0000	0.0000;
];

%% generator data
%	bus	Pg	Qg	Qmax	Qmin	Vg	mBase	status	Pmax	Pmin	Pc1	Pc2	Qc1min	Qc1max	Qc2min	Qc2max	ramp_agc	ramp_10	ramp_30	ramp_q	apf	mu_Pmax	mu_Pmin	mu_Qmax	mu_Qmin
mpc.gen = [
	1	192.864526	0.000130087283	10	0	1.05999997	100	1	332.4	0	0	0	0	0	0	0	0	0	0	0	0	0.0000	0.0000	0.0000	0.1590;
	2	36.4420859	17.7435236	50	-40	1.04078165	100	1	140	0	0	0	0	0	0	0	0	0	0	0	0	0.0000	0.0000	0.0000	0.0000;
	3	16.8138906	35.6795649	40	0	1.0242842	100	1	100	0	0	0	0	0	0	0	0	0	0	0	0	0.0000	0.0000	0.0000	0.0000;
	6	5.10809725e-05	10.9150879	24	-6	1.05999968	100	1	100	0	0	0	0	0	0	0	0	0	0	0	0	0.0000	0.4062	0.0000	0.0000;
	8	3.91433912	8.0070259	24	-6	1.05999971	100	1	100	0	0	0	0	0	0	0	0	0	0	0	0	0.0000	0.0000	0.0000	0.0000;
	15	197.062787	0.000847882995	10	0	1.05999996	100	1	332.4	0	0	0	0	0	0	0	0	0	0	0	0	0.0000	0.0000	0.0000	0.0268;
	16	37.2027549	32.0733037	50	-40	1.04192098	100	1	140	0	0	0	0	0	0	0	0	0	0	0	0	0.0000	0.0000	0.0000	0.0000;
	17	34.9123864	24.1866129	40	0	1.01655009	100	1	100	0	0	0	0	0	0	0	0	0	0	0	0	0.0000	0.0000	0.0000	0.0000;
	22	17.3377581	10.7076504	24	-6	1.05999964	100	1	100	0	0	0	0	0	0	0	0	0	0	0	0	0.0000	0.0000	0.0000	0.0000;
];

%% branch data
%	fbus	tbus	r	x	b	rateA	rateB	rateC	ratio	angle	status	angmin	angmax	Pf	Qf	Pt	Qt	mu_Sf	mu_St	mu_angmin	mu_angmax
mpc.branch = [
	1	2	0.01938	0.05917	0.0528	0	0	0	0	0	1	-360	360	128.1954	-6.0436	-125.3592	8.8769	0.0000	0.0000	0.0000	0.0000;
	1	5	0.05403	0.22304	0.0492	0	0	0	0	0	1	-360	360	64.6691	6.0437	-62.6208	-2.8968	0.0000	0.0000	0.0000	0.0000;
	2	3	0.04699	0.19797	0.0438	0	0	0	0	0	1	-360	360	53.1204	-3.6511	-51.8956	4.1412	0.0000	0.0000	0.0000	0.0000;
	2	4	0.05811	0.17632	0.034	0	0	0	0	0	1	-360	360	49.2697	-1.2704	-47.9673	1.6269	0.0000	0.0000	0.0000	0.0000;
	2	5	0.05695	0.17388	0.0346	0	0	0	0	0	1	-360	360	37.7112	1.0880	-36.9589	-2.4546	0.0000	0.0000	0.0000	0.0000;
	3	4	0.06701	0.17103	0.0128	0	0	0	0	0	1	-360	360	-7.4106	7.4566	7.4879	-8.5912	0.0000	0.0000	0.0000	0.0000;
	4	5	0.01335	0.04211	0	0	0	0	0	0	1	-360	360	-48.8329	12.8254	49.1628	-11.7849	0.0000	0.0000	0.0000	0.0000;
	4	7	0	0.20912	0	0	0	0	0.978	0	1	-360	360	25.8471	-3.4051	-25.8471	4.7228	0.0000	0.0000	0.0000	0.0000;
	4	9	0	0.55618	0	0	0	0	0.969	0	1	-360	360	15.6653	1.4440	-15.6653	-0.1912	0.0000	0.0000	0.0000	0.0000;
	5	6	0	0.25202	0	0	0	0	0.932	0	1	-360	360	42.8169	15.5363	-42.8169	-11.1457	0.0000	0.0000	0.0000	0.0000;
	6	11	0.09498	0.1989	0	0	0	0	0	0	1	-360	360	6.5562	4.3282	-6.5040	-4.2190	0.0000	0.0000	0.0000	0.0000;
	6	12	0.12291	0.25581	0	0	0	0	0	0	1	-360	360	7.7061	2.6211	-7.6336	-2.4703	0.0000	0.0000	0.0000	0.0000;
	6	13	0.06615	0.13027	0	0	0	0	0	0	1	-360	360	17.3547	7.6113	-17.1433	-7.1950	0.0000	0.0000	0.0000	0.0000;
	7	8	0	0.17615	0	0	0	0	0	0	1	-360	360	-3.9143	-7.8825	3.9143	8.0070	0.0000	0.0000	0.0000	0.0000;
	7	9	0	0.11001	0	0	0	0	0	0	1	-360	360	29.7614	3.1597	-29.7614	-2.2603	0.0000	0.0000	0.0000	0.0000;
	9	10	0.03181	0.0845	0	0	0	0	0	0	1	-360	360	6.0212	3.4444	-6.0072	-3.4071	0.0000	0.0000	0.0000	0.0000;
	9	14	0.12711	0.27038	0	0	0	0	0	0	1	-360	360	9.9055	3.1103	-9.7797	-2.8429	0.0000	0.0000	0.0000	0.0000;
	10	11	0.08205	0.19207	0	0	0	0	0	0	1	-360	360	-2.9928	-2.3929	3.0040	2.4190	0.0000	0.0000	0.0000	0.0000;
	12	13	0.22092	0.19988	0	0	0	0	0	0	1	-360	360	1.5336	0.8703	-1.5273	-0.8646	0.0000	0.0000	0.0000	0.0000;
	13	14	0.17093	0.34802	0	0	0	0	0	0	1	-360	360	5.1706	2.2596	-5.1203	-2.1571	0.0000	0.0000	0.0000	0.0000;
	15	16	0.01938	0.05917	0.0528	0	0	0	0	0	1	-360	360	130.5448	-8.6344	-127.5998	11.7935	0.0000	0.0000	0.0000	0.0000;
	15	19	0.05403	0.22304	0.0492	0	0	0	0	0	1	-360	360	66.5180	8.6353	-64.3278	-4.8729	0.0000	0.0000	0.0000	0.0000;
	16	17	0.04699	0.19797	0.0438	0	0	0	0	0	1	-360	360	53.2103	0.9203	-51.9800	-0.3778	0.0000	0.0000	0.0000	0.0000;
	16	18	0.05811	0.17632	0.034	0	0	0	0	0	1	-360	360	50.1265	1.8952	-48.7740	-1.3747	0.0000	0.0000	0.0000	0.0000;
	16	19	0.05695	0.17388	0.0346	0	0	0	0	0	1	-360	360	39.7658	4.7643	-38.9131	-5.8074	0.0000	0.0000	0.0000	0.0000;
	17	18	0.06701	0.17103	0.0128	0	0	0	0	0	1	-360	360	-7.3076	5.5644	7.3673	-6.7274	0.0000	0.0000	0.0000	0.0000;
	18	19	0.01335	0.04211	0	0	0	0	0	0	1	-360	360	-43.6452	14.2596	43.9205	-13.3911	0.0000	0.0000	0.0000	0.0000;
	18	21	0	0.20912	0	0	0	0	0.978	0	1	-360	360	21.4714	-3.9203	-21.4714	4.8525	0.0000	0.0000	0.0000	0.0000;
	18	23	0	0.55618	0	0	0	0	0.969	0	1	-360	360	15.7804	1.6628	-15.7804	-0.3764	0.0000	0.0000	0.0000	0.0000;
	19	20	0	0.25202	0	0	0	0	0.932	0	1	-360	360	51.7204	22.4714	-51.7204	-15.6614	0.0000	0.0000	0.0000	0.0000;
	20	25	0.09498	0.1989	0	0	0	0	0	0	1	-360	360	1.0082	3.4797	-0.9966	-3.4555	0.0000	0.0000	0.0000	0.0000;
	20	26	0.12291	0.25581	0	0	0	0	0	0	1	-360	360	6.9590	2.6229	-6.8961	-2.4920	0.0000	0.0000	0.0000	0.0000;
	20	27	0.06615	0.13027	0	0	0	0	0	0	1	-360	360	14.4733	7.1202	-14.3140	-6.8066	0.0000	0.0000	0.0000	0.0000;
	21	22	0	0.17615	0	0	0	0	0	0	1	-360	360	-17.3378	-10.0566	17.3378	10.7077	0.0000	0.0000	0.0000	0.0000;
	21	23	0	0.11001	0	0	0	0	0	0	1	-360	360	38.8092	5.2042	-38.8092	-3.6525	0.0000	0.0000	0.0000	0.0000;
	23	24	0.03181	0.0845	0	0	0	0	0	0	1	-360	360	11.5551	4.2798	-11.5103	-4.1607	0.0000	0.0000	0.0000	0.0000;
	23	28	0.12711	0.27038	0	0	0	0	0	0	1	-360	360	13.5345	3.6174	-13.3029	-3.1248	0.0000	0.0000	0.0000	0.0000;
