function mpc = mpc_merge_split
%MPC_MERGE_SPLIT

%% MATPOWER Case Format : Version 2
mpc.version = '2';

%%-----  Power Flow Data  -----%%
%% system MVA base
mpc.baseMVA = 100;

%% bus data
%	bus_i	type	Pd	Qd	Gs	Bs	area	Vm	Va	baseKV	zone	Vmax	Vmin	lam_P	lam_Q	mu_Vmax	mu_Vmin
mpc.bus = [
	1	3	0	0	0	0	1	1.05999973	0	0	1	1.06	0.94	36.5976	-0.1590	723.3338	0.0000;
	2	2	21.7	12.7	0	0	1	1.04078127	-3.97356704	0	1	1.06	0.94	38.2210	0.0000	0.0000	0.0000;
	3	2	94.2	19	0	0	1	1.02427537	-9.66719659	0	1	1.06	0.94	40.3363	0.0001	0.0000	0.0000;
	4	1	47.8	-3.9	0	0	1	1.01571172	-8.66919204	0	1	1.06	0.94	40.0821	0.1291	0.0000	0.0000;
	5	1	7.6	1.6	0	0	1	1.01705005	-7.4336066	0	1	1.06	0.94	39.5447	0.2093	0.0000	0.0000;
	6	2	11.2	7.5	0	0	1	1.05999694	-12.7862467	0	1	1.06	0.94	39.5938	0.0000	63.7143	0.0000;
	7	1	0	0	0	0	1	1.04671116	-11.5191466	0	1	1.06	0.94	40.0790	0.1196	0.0000	0.0000;
	8	2	0	0	0	0	1	1.05999719	-11.1629897	0	1	1.06	0.94	40.0782	-0.0000	71.0658	0.0000;
	9	1	29.5	16.6	0	19	1	1.04385899	-13.2362956	0	1	1.06	0.94	40.0802	0.1905	0.0000	0.0000;
	10	1	9	5.8	0	0	1	1.03924292	-13.4471502	0	1	1.06	0.94	40.2234	0.3034	0.0000	0.0000;
	11	1	3.5	1.8	0	0	1	1.04603464	-13.2476599	0	1	1.06	0.94	40.0398	0.2250	0.0000	0.0000;
	12	1	6.1	1.6	0	0	1	1.04485165	-13.6394162	0	1	1.06	0.94	40.2387	0.2123	0.0000	0.0000;
	13	1	13.5	5.8	0	0	1	1.03994466	-13.6996727	0	1	1.06	0.94	40.4419	0.3517	0.0000	0.0000;
	14	1	14.9	5	0	0	1	1.02397438	-14.4600904	0	1	1.06	0.94	41.0890	0.5656	0.0000	0.0000;
	15	2	0	0	0	0	1	1.0599996	4.65446173	0	1	1.06	0.94	36.9589	-0.0269	502.3916	0.0000;
	16	2	21.7	12.7	0	0	1	1.04191469	0.58692466	0	1	1.06	0.94	38.6013	0.0000	0.0000	0.0000;
	17	2	94.2	19	0	0	1	1.01654401	-5.03676556	0	1	1.06	0.94	40.6982	0.0000	0.0000	0.0000;
	18	1	47.8	-3.9	0	0	1	1.01101987	-4.1073797	0	1	1.06	0.94	40.4829	0.1731	0.0000	0.0000;
	19	1	7.6	1.6	0	0	1	1.01104305	-2.97041119	0	1	1.06	0.94	40.0349	0.2963	0.0000	0.0000;
	20	1	11.2	7.5	0	0	1	1.0395697	-9.60749988	0	1	1.06	0.94	40.3363	0.0097	0.0000	0.0000;
	21	1	0	0	0	0	1	1.04259855	-6.49502377	0	1	1.06	0.94	40.3494	0.0979	0.0000	0.0000;
	22	2	0	0	0	0	1	1.05999656	-4.91149988	0	1	1.06	0.94	40.3467	0.0000	57.9517	0.0000;
	23	1	29.5	16.6	0	19	1	1.03791434	-8.75613365	0	1	1.06	0.94	40.2825	0.1264	0.0000	0.0000;
	24	1	9	5.8	0	0	1	1.03091997	-9.206063	0	1	1.06	0.94	40.5077	0.2503	0.0000	0.0000;
	25	1	3.5	1.8	0	0	1	1.03199262	-9.53812528	0	1	1.06	0.94	40.5393	0.1989	0.0000	0.0000;
	26	1	6.1	1.6	0	0	1	1.02498378	-10.3914163	0	1	1.06	0.94	40.9997	0.2321	0.0000	0.0000;
	27	1	13.5	5.8	0	0	1	1.02152858	-10.3706723	0	1	1.06	0.94	41.1344	0.3598	0.0000	0.0000;
	28	1	14.9	5	0	0	1	1.01238425	-10.501065	0	1	1.06	0.94	41.5205	0.5453	0.0000	0.0000;
];

%% generator data
%	bus	Pg	Qg	Qmax	Qmin	Vg	mBase	status	Pmax	Pmin	Pc1	Pc2	Qc1min	Qc1max	Qc2min	Qc2max	ramp_agc	ramp_10	ramp_30	ramp_q	apf	mu_Pmax	mu_Pmin	mu_Qmax	mu_Qmin
mpc.gen = [
	1	192.864243	0.00123508477	10	0	1.05999973	100	1	332.4	0	0	0	0	0	0	0	0	0	0	0	0	0.0000	0.0000	0.0000	0.1590;
	2	36.4420239	17.7500215	50	-40	1.04078127	100	1	140	0	0	0	0	0	0	0	0	0	0	0	0	0.0000	0.0000	0.0000	0.0000;
	3	16.8136006	35.6699574	40	0	1.02427537	100	1	100	0	0	0	0	0	0	0	0	0	0	0	0	0.0000	0.0000	0.0000	0.0000;
	6	0.00062223651	10.9148698	24	-6	1.05999694	100	1	100	0	0	0	0	0	0	0	0	0	0	0	0	0.0000	0.4062	0.0000	0.0000;
	8	3.91529927	8.00714565	24	-6	1.05999719	100	1	100	0	0	0	0	0	0	0	0	0	0	0	0	0.0000	0.0000	0.0000	0.0000;
	15	197.062421	0.013670071	10	0	1.0599996	100	1	332.4	0	0	0	0	0	0	0	0	0	0	0	0	0.0000	0.0000	0.0000	0.0269;
	16	37.2026932	32.0617726	50	-40	1.04191469	100	1	140	0	0	0	0	0	0	0	0	0	0	0	0	0.0000	0.0000	0.0000	0.0000;
	17	34.9121936	24.1867077	40	0	1.01654401	100	1	100	0	0	0	0	0	0	0	0	0	0	0	0	0.0000	0.0000	0.0000	0.0000;
	22	17.3374656	10.7089942	24	-6	1.05999656	100	1	100	0	0	0	0	0	0	0	0	0	0	0	0	0.0000	0.0000	0.0000	0.0000;
];

%% branch data
%	fbus	tbus	r	x	b	rateA	rateB	rateC	ratio	angle	status	angmin	angmax	Pf	Qf	Pt	Qt	mu_Sf	mu_St	mu_angmin	mu_angmax
mpc.branch = [
	1	2	0.01938	0.05917	0.0528	0	0	0	0	0	1	-360	360	128.1954	-6.0434	-125.3592	8.8767	0.0000	0.0000	0.0000	0.0000;
	1	5	0.05403	0.22304	0.0492	0	0	0	0	0	1	-360	360	64.6688	6.0446	-62.6205	-2.8976	0.0000	0.0000	0.0000	0.0000;
	2	3	0.04699	0.19797	0.0438	0	0	0	0	0	1	-360	360	53.1205	-3.6467	-51.8957	4.1369	0.0000	0.0000	0.0000	0.0000;
	2	4	0.05811	0.17632	0.034	0	0	0	0	0	1	-360	360	49.2696	-1.2690	-47.9672	1.6255	0.0000	0.0000	0.0000	0.0000;
	2	5	0.05695	0.17388	0.0346	0	0	0	0	0	1	-360	360	37.7111	1.0890	-36.9588	-2.4556	0.0000	0.0000	0.0000	0.0000;
	3	4	0.06701	0.17103	0.0128	0	0	0	0	0	1	-360	360	-7.4117	7.4534	7.4890	-8.5880	0.0000	0.0000	0.0000	0.0000;
	4	5	0.01335	0.04211	0	0	0	0	0	0	1	-360	360	-48.8331	12.8237	49.1630	-11.7832	0.0000	0.0000	0.0000	0.0000;
	4	7	0	0.20912	0	0	0	0	0.978	0	1	-360	360	25.8463	-3.4052	-25.8463	4.7228	0.0000	0.0000	0.0000	0.0000;
	4	9	0	0.55618	0	0	0	0	0.969	0	1	-360	360	15.6650	1.4439	-15.6650	-0.1912	0.0000	0.0000	0.0000	0.0000;
	5	6	0	0.25202	0	0	0	0	0.932	0	1	-360	360	42.8163	15.5365	-42.8163	-11.1459	0.0000	0.0000	0.0000	0.0000;
	6	11	0.09498	0.1989	0	0	0	0	0	0	1	-360	360	6.5562	4.3283	-6.5040	-4.2190	0.0000	0.0000	0.0000	0.0000;
	6	12	0.12291	0.25581	0	0	0	0	0	0	1	-360	360	7.7061	2.6212	-7.6336	-2.4703	0.0000	0.0000	0.0000	0.0000;
	6	13	0.06615	0.13027	0	0	0	0	0	0	1	-360	360	17.3547	7.6113	-17.1433	-7.1950	0.0000	0.0000	0.0000	0.0000;
	7	8	0	0.17615	0	0	0	0	0	0	1	-360	360	-3.9153	-7.8826	3.9153	8.0071	0.0000	0.0000	0.0000	0.0000;
	7	9	0	0.11001	0	0	0	0	0	0	1	-360	360	29.7616	3.1598	-29.7616	-2.2603	0.0000	0.0000	0.0000	0.0000;
	9	10	0.03181	0.0845	0	0	0	0	0	0	1	-360	360	6.0212	3.4444	-6.0072	-3.4071	0.0000	0.0000	0.0000	0.0000;
	9	14	0.12711	0.27038	0	0	0	0	0	0	1	-360	360	9.9055	3.1103	-9.7797	-2.8429	0.0000	0.0000	0.0000	0.0000;
	10	11	0.08205	0.19207	0	0	0	0	0	0	1	-360	360	-2.9928	-2.3929	3.0040	2.4190	0.0000	0.0000	0.0000	0.0000;
	12	13	0.22092	0.19988	0	0	0	0	0	0	1	-360	360	1.5336	0.8703	-1.5273	-0.8646	0.0000	0.0000	0.0000	0.0000;
	13	14	0.17093	0.34802	0	0	0	0	0	0	1	-360	360	5.1706	2.2596	-5.1203	-2.1571	0.0000	0.0000	0.0000	0.0000;
	15	16	0.01938	0.05917	0.0528	0	0	0	0	0	1	-360	360	130.5446	-8.6240	-127.5997	11.7830	0.0000	0.0000	0.0000	0.0000;
	15	19	0.05403	0.22304	0.0492	0	0	0	0	0	1	-360	360	66.5178	8.6376	-64.3277	-4.8752	0.0000	0.0000	0.0000	0.0000;
	16	17	0.04699	0.19797	0.0438	0	0	0	0	0	1	-360	360	53.2103	0.9202	-51.9801	-0.3775	0.0000	0.0000	0.0000	0.0000;
	16	18	0.05811	0.17632	0.034	0	0	0	0	0	1	-360	360	50.1264	1.8948	-48.7739	-1.3742	0.0000	0.0000	0.0000	0.0000;
	16	19	0.05695	0.17388	0.0346	0	0	0	0	0	1	-360	360	39.7656	4.7638	-38.9129	-5.8068	0.0000	0.0000	0.0000	0.0000;
	17	18	0.06701	0.17103	0.0128	0	0	0	0	0	1	-360	360	-7.3077	5.5643	7.3675	-6.7273	0.0000	0.0000	0.0000	0.0000;
	18	19	0.01335	0.04211	0	0	0	0	0	0	1	-360	360	-43.6456	14.2591	43.9209	-13.3905	0.0000	0.0000	0.0000	0.0000;
	18	21	0	0.20912	0	0	0	0	0.978	0	1	-360	360	21.4716	-3.9205	-21.4716	4.8527	0.0000	0.0000	0.0000	0.0000;
	18	23	0	0.55618	0	0	0	0	0.969	0	1	-360	360	15.7804	1.6629	-15.7804	-0.3765	0.0000	0.0000	0.0000	0.0000;
	19	20	0	0.25202	0	0	0	0	0.932	0	1	-360	360	51.7197	22.4725	-51.7197	-15.6625	0.0000	0.0000	0.0000	0.0000;
	20	25	0.09498	0.1989	0	0	0	0	0	0	1	-360	360	1.0083	3.4791	-0.9968	-3.4550	0.0000	0.0000	0.0000	0.0000;
	20	26	0.12291	0.25581	0	0	0	0	0	0	1	-360	360	6.9590	2.6228	-6.8961	-2.4919	0.0000	0.0000	0.0000	0.0000;
	20	27	0.06615	0.13027	0	0	0	0	0	0	1	-360	360	14.4733	7.1199	-14.3141	-6.8063	0.0000	0.0000	0.0000	0.0000;
	21	22	0	0.17615	0	0	0	0	0	0	1	-360	360	-17.3375	-10.0580	17.3375	10.7090	0.0000	0.0000	0.0000	0.0000;
	21	23	0	0.11001	0	0	0	0	0	0	1	-360	360	38.8090	5.2052	-38.8090	-3.6535	0.0000	0.0000	0.0000	0.0000;
	23	24	0.03181	0.0845	0	0	0	0	0	0	1	-360	360	11.5550	4.2803	-11.5102	-4.1612	0.0000	0.0000	0.0000	0.0000;
	23	28	0.12711	0.27038	0	0	0	0	0	0	1	-360	360	13.5345	3.6177	-13.3029	-3.1251	0.0000	0.0000	0.0000	0.0000;
